[gd_scene load_steps=6 format=3 uid="uid://c8e6c3t2yj84p"]

[ext_resource type="ArrayMesh" uid="uid://d1vs8udvi0obh" path="res://models/godot_mountain.obj" id="2_ogt5y"]
[ext_resource type="Shader" uid="uid://babp71s1wsreb" path="res://shaders/scene_2.gdshader" id="2_oq54p"]

[sub_resource type="Environment" id="Environment_8dwar"]
background_mode = 1
background_color = Color(0.780392, 0.262745, 0, 1)

[sub_resource type="StandardMaterial3D" id="StandardMaterial3D_3r24c"]
albedo_color = Color(1, 0.701961, 0.941176, 1)

[sub_resource type="ShaderMaterial" id="ShaderMaterial_c5w0c"]
render_priority = 0
shader = ExtResource("2_oq54p")
shader_parameter/low_color = Color(0.9, 0.7, 0.9, 1)
shader_parameter/mid_color = Color(0.7, 0.3, 0.7, 1)
shader_parameter/high_color = Color(0.4, 0, 0.4, 1)
shader_parameter/min_height = 0.0
shader_parameter/max_height = 1.0
shader_parameter/use_contour_lines = true
shader_parameter/contour_spacing = 0.05
shader_parameter/contour_thickness = 0.005

[node name="Scene2" type="Node3D"]

[node name="WorldEnvironment" type="WorldEnvironment" parent="."]
environment = SubResource("Environment_8dwar")

[node name="Camera3D" type="Camera3D" parent="."]
transform = Transform3D(1.35314, 0, 0, 0, -2.23324e-07, 1, 0, -5.10906, -4.37114e-08, 0, 30, 0)
fov = 16.875

[node name="DirectionalLight3D" type="DirectionalLight3D" parent="."]
transform = Transform3D(0.567896, -0.190513, -0.800749, -0.778964, 0.189891, -0.597625, 0.26591, 0.963144, -0.0405642, 10, 20, 10)

[node name="DirectionalLight3D2" type="DirectionalLight3D" parent="."]
transform = Transform3D(-0.993295, -0.011614, 0.115025, 0.115025, -0.199229, 0.973179, 0.0116138, 0.979884, 0.199229, -10, 20, -10)

[node name="DirectionalLight3D4" type="DirectionalLight3D" parent="."]
transform = Transform3D(1, 0, 0, 0, 1, 0, 0, 0, 1, 10, 20, -10)

[node name="DirectionalLight3D3" type="DirectionalLight3D" parent="."]
transform = Transform3D(1, 0, 0, 0, 1, 0, 0, 0, 1, -10, 20, 10)

[node name="Cube" type="MeshInstance3D" parent="."]
transform = Transform3D(0.402763, -0.915304, 0, 0.915304, 0.402763, 0, 0, 0, 1, -1.71525, 19.007, 1.44399)
mesh = ExtResource("2_ogt5y")

[node name="Mountain" type="MeshInstance3D" parent="."]
transform = Transform3D(20, 0, 0, 0, 2.38498e-07, 20, 0, -20, 2.38498e-07, 0, 0, 0)
material_override = SubResource("StandardMaterial3D_3r24c")
material_overlay = SubResource("ShaderMaterial_c5w0c")
mesh = ExtResource("2_ogt5y")
skeleton = NodePath("")
